476 859 171
383 312 144
94 367 144
316 644 144
53 130 122
733 405 171
208 491 144
243 216 128
980 476 179
790 687 171
194 434 144
27 123 119
365 762 171
580 69 144
326 839 171
474 801 171
457 621 142
611 742 171
857 581 171
17 447 144
129 392 144
529 846 171
29 133 122
69 410 144
337 347 126
995 264 179
678 529 145
260 505 144
926 470 179
282 985 179
510 398 142
392 790 171
669 87 145
599 382 142
162 758 171
496 113 144
173 215 120
653 783 171
168 470 144
207 452 144
796 872 179
900 122 179
837 705 153
150 190 125
135 261 128
840 781 135
714 794 153
710 17 171
787 561 171
868 405 171
