252862 674746
356096 294277
934285 289479
471371 326696
924195 566750
783339 457903
353343 846744
346633 136080
469956 413372
913615 401082
578659 857441
227668 980852
611239 505568
383098 580767
700160 54509
837158 621868
486730 766545
806345 155705
552633 961496
998219 314244
644594 480104
161819 790328
826250 75440
93017 982694
735898 192454
731641 887140
768866 273957
743882 770283
627530 500576
548542 332466
707975 571346
810238 293401
330601 43916
791262 200991
879723 955616
733372 59369
284432 222756
168396 815804
725380 596527
476403 380865
834116 399409
695900 898263
635352 700971
662268 673723
185428 577438
317374 780089
467652 592858
547980 595485
379485 77907
314075 535811
7268 7387
2343 8990
6922 8138
9379 8314
4354 5150
4526 285
1807 4987
9644 4113
404 7699
1212 4613
4131 6912
3537 9180
4822 9069
5275 2066
9580 9681
3246 4071
9836 6794
5525 9369
1445 5218
4767 3026
4854 6769
4759 8075
8441 3118
6065 7499
7162 7539
7584 8705
2981 2444
3269 9482
6717 4923
5538 6575
7881 508
7133 7886
1370 3648
2800 1507
2199 1288
45 4610
713 6512
4382 4052
8339 7061
6570 7516
3383 5196
14075 1692
775 14752
7245 10561
5733 3808
1738 10792
920 4123
7032 9772
9169 14817
4100 10661
1 1
10 1
1 10
