16341 189305
571477 235069
542118 63745
957258 992042
38565 588207
211717 566527
118042 422442
348867 988886
707705 258770
115316 397556
395847 362162
315678 901790
804473 732131
267308 607520
623901 238307
694520 333510
484090 207469
648599 210321
626628 171663
219607 517757
87000 72873
457717 382458
988415 435109
284243 61927
411886 685056
18341 669034
29645 344348
433016 98914
42423 169772
423211 266964
50394 849915
566541 234090
829364 944264
59711 863044
349394 538880
235328 157050
520737 282166
620283 847006
604906 560425
394329 139045
716907 809723
141248 871720
682771 589956
690182 810673
182068 564752
718308 992663
973908 327290
875598 56469
543545 103533
648462 262082
578438 171614
68290 951284
825302 458463
528027 370432
418421 842376
195617 883644
424361 152652
954052 579379
883487 96609
19998 73748
656589 52147
76523 620626
850559 590768
328386 229284
720897 474077
354099 664800
631987 96207
851056 266668
923539 4962
141473 184243
118379 232989
540175 790739
804056 806908
375000 20074
340324 279170
782718 698875
868624 519279
372128 549872
263564 802475
601449 589007
113050 386978
644993 824459
374686 399803
891979 727188
258568 9397
626554 960409
54770 279611
668247 47120
200060 975502
935303 481580
899058 706259
299189 218653
328166 499895
136967 7832
681034 267735
350195 516153
151282 567230
421323 158090
698338 440756
98545 497949
879717 28204
960823 699836
395245 103749
981572 835297
589617 259725
883890 877744
355108 906354
742163 713439
636447 140591
901940 939375
448090 155729
841348 156624
48838 437969
243418 375744
331786 971666
229779 803851
845337 243375
701629 573326
816943 471138
254780 994606
352071 785723
889842 161866
952302 557414
71872 116200
658177 240908
341796 322080
128344 640236
863669 243793
214788 819046
458223 941860
719980 403750
521725 170821
85955 564430
687554 974977
390752 667573
311833 753936
19088 54255
628043 986249
793884 433583
872363 739205
539762 940543
849452 338228
288591 120053
406296 605877
649192 623023
54810 689574
927005 599356
987611 555911
446827 359217
99098 943471
551205 910433
764777 149638
713898 962502
237188 911484
420072 774714
336492 430074
954454 2786
324473 72746
785493 440519
161797 216630
474700 455128
373324 98476
800133 875201
761754 845351
283327 183789
701146 183445
839563 949422
776943 214702
514838 498689
674076 303141
370356 153165
444983 18814
994350 270909
736443 123497
589706 504995
339626 308568
18517 479387
374757 385561
581476 492935
610845 194312
398164 71035
296960 332497
2036 398352
15174 691954
728716 875587
100209 572477
719041 493347
690362 777400
713017 231932
104964 246647
269349 844362
675207 692465
629477 173248
974421 561741
444481 41760
189455 310918
699397 322044
230670 350885
557519 578463
169983 56538
